1421914359 3
1421914360 3
1421914361 3
1421914362 3
1421914363 3
1421914364 3
1421914365 3
1421914366 3
1421914367 3
1421914368 3
1421914369 3
1421914370 3
1421914371 3
1421914372 3
1421914373 3
1421914374 3
1421914375 3
1421914376 3
1421914377 3
1421914378 3
1421914379 3
1421914380 3
1421914381 3
1421914382 3
1421914383 3
1421914384 3
1421914385 3
1421914386 3
1421914387 3
1421914388 3
1421914389 3
1421914390 3
1421914391 3
1421914392 3
1421914393 3
1421914394 3
1421914395 3
1421914396 3
1421914397 3
1421914398 3
1421914399 3
1421914400 3
1421914401 3
1421914402 3
1421914403 3
1421914404 3
1421914405 3
1421914406 3
1421914407 3
1421914408 3
1421914409 3
1421914410 3
1421914411 3
1421914412 3
1421914413 3
1421914414 3
1421914415 3
1421914416 3
1421914417 3
1421914418 3
1421914419 3
1421914420 3
1421914421 3
1421914422 3
1421914423 3
1421914424 3
1421914425 3
1421914426 3
1421914427 3
1421914428 3
1421914429 3
1421914430 3
1421914431 3
1421914432 3
1421914433 3
1421914434 3
1421914435 3
1421914436 3
1421914437 3
1421914438 3
1421914439 3
1421914440 3
1421914441 3
1421914442 3
1421914443 3
1421914444 3
1421914445 3
1421914446 3
1421914447 3
1421914448 3
1421914449 3
1421914450 3
1421914451 3
1421914452 3
1421914453 3
1421914454 3
1421914455 3
1421914456 3
1421914457 3
1421914458 3
1421914459 3
1421914460 3
1421914461 3
1421914462 3
1421914463 3
1421914464 3
1421914465 3
1421914466 3
1421914467 3
1421914468 3
1421914469 3
1421914470 3
1421914471 3
1421914472 3
1421914473 3
1421914474 3
1421914475 3
1421914476 3
1421914477 3
1421914478 3
1421914479 3
1421914480 3
1421914481 3
1421914482 3
1421914483 3
1421914484 3
1421914485 3
1421914486 3
1421914487 3
1421914488 3
1421914489 3
1421914490 3
1421914491 3
1421914492 3
1421914493 3
1421914494 3
1421914495 3
1421914496 3
1421914497 3
1421914498 3
1421914499 3
1421914500 3
1421914501 3
1421914502 3
1421914503 3
1421914504 3
1421914505 3
1421914506 3
1421914507 3
1421914508 3
1421914509 3
1421914510 3
1421914511 3
1421914512 3
1421914513 3
1421914514 3
1421914515 3
1421914516 3
1421914517 3
1421914518 3
1421914519 3
1421914520 3
1421914521 3
1421914522 3
1421914523 3
1421914524 3
1421914525 3
1421914526 3
1421914527 3
1421914528 3
1421914529 3
1421914530 3
1421914531 3
1421914532 3
1421914533 3
1421914534 3
1421914535 3
1421914536 3
1421914537 3
1421914538 3
1421914539 3
1421914540 3
1421914541 3
1421914542 3
1421914543 3
1421914544 3
1421914545 3
1421914546 3
